ones(1:10,1:10)=0.5;
ones;